id,predicted_price
30307,9610364.0
87380,2969988.2
12874,9196170.0
57688,6273700.0
43433,5612168.0
22557,4716857.0
63529,4788254.0
75342,3871637.2
55075,6831294.0
61562,10594335.0
43879,5540827.5
92199,8575527.0
38768,16574945.0
85641,6748055.0
30542,4129759.2
34054,3940641.2
34744,4130857.0
21787,2432284.2
14173,5193012.0
20955,4859770.5
91677,9005362.0
99725,9123339.0
24070,4687881.5
67978,7421291.5
81187,3586152.5
80537,12900516.0
74526,9611371.0
80713,4732384.0
13842,6323477.5
29449,8981183.0
61873,5927871.5
42427,4724591.5
84464,5504855.5
81940,5877728.5
79879,7122952.0
45067,8935170.0
64522,8677487.0
48256,5251731.0
34759,5456885.0
13114,9995212.0
98986,5618609.5
44252,5229203.5
47005,7302890.5
22340,12542987.0
14949,5298997.0
43577,5810313.0
11281,10315099.0
34094,6032488.5
48170,7505923.0
79503,4782074.5
44059,9174026.0
27257,6773816.0
19172,7325076.0
82313,6002994.0
79998,6333121.0
59981,5391635.0
37707,6475660.5
50589,4189054.0
71705,9855074.0
88624,8855277.0
55200,11386869.0
29111,4317769.5
86522,8257182.5
66539,5887306.0
22339,9120349.0
29321,5158041.5
83297,7774316.0
16755,8982840.0
48587,11463211.0
87316,19624270.0
34512,8242083.0
12199,11484887.0
22160,4577180.5
56971,4513077.5
12736,6085886.0
89551,5654397.0
74533,5788390.0
55433,7205446.5
92099,13955564.0
65942,7034669.5
48236,15478170.0
11008,13212789.0
96305,5378399.0
48524,5431798.5
84580,6292747.0
95514,9590416.0
74175,4069440.2
73959,5533555.5
61917,7960522.0
75960,3321418.5
18797,13150227.0
30366,6403654.0
72764,6589530.0
93906,8185434.0
13853,6192276.0
16315,6305946.5
79400,8264857.0
43483,6350343.5
67075,9047885.0
54423,6388760.0
39784,8339238.0
24266,4216111.0
98774,4112703.2
54293,7237368.0
16314,7694363.5
87769,4832609.5
52916,3992057.8
80119,13627669.0
58385,6868081.0
80703,5208902.0
47090,9973117.0
68394,4688533.5
84487,5838939.5
22857,4718524.0
76553,7019600.0
56372,5847125.0
51397,5926451.0
92470,6256737.0
32299,7188849.0
67420,9381048.0
12450,4700847.0
80976,7584402.0
12318,6223947.5
41030,6361944.0
56959,6480557.0
96361,6207466.0
71793,4428470.5
38805,11087092.0
25652,8450810.0
36841,17557716.0
92098,4406505.0
44159,5438037.0
27922,11398955.0
43070,7928925.5
20667,5548675.5
40716,6486154.5
67425,14228889.0
82148,6724304.0
94203,3421594.8
54047,7346718.5
80348,10152292.0
69616,12055438.0
20597,10063283.0
28818,5719088.5
56310,9169557.0
72991,7918979.0
42778,5872251.0
30805,7606071.5
23842,5570576.5
70292,6700723.0
63348,10404282.0
56809,5789064.5
71241,17765014.0
55366,9576837.0
33778,6145430.0
52381,5939947.5
61779,9956981.0
37774,4736434.5
13254,7524824.0
97899,6416562.0
84162,5826550.5
88657,5487250.5
61252,10975192.0
63230,7408025.0
24274,6961910.0
39911,4795992.5
78124,6227485.5
97801,19057198.0
30069,7354656.0
47748,10391699.0
84551,4381455.0
77510,6546070.5
24271,7238126.0
45841,5120964.0
50472,13876300.0
62292,10480560.0
38361,7262003.0
81442,3797196.8
19061,12904392.0
64546,13111288.0
28282,6868213.5
68009,3927191.0
40842,4507556.0
39475,6074647.5
64892,8653308.0
13677,4947962.5
98263,5862591.0
92261,4491643.5
71980,5939521.0
16650,5849772.0
60686,5189976.0
69932,6109212.5
61901,5387217.5
77584,8778513.0
55199,6374552.5
93904,3563333.0
92904,5977400.0
78863,3818218.2
12010,6827763.0
53555,10181729.0
19950,6911353.5
89349,7875455.0
34212,13947725.0
27699,6124599.5
91595,8669310.0
86699,5673429.5
26933,13220662.0
14818,3985586.5
75838,13332035.0
12664,5188314.5
81714,7032890.0
36797,5622276.0
63036,7317550.0
81272,8205655.0
59776,4757117.5
52580,8236446.5
19613,5938163.0
57823,16706726.0
97381,4670306.5
44940,6024247.0
10709,3442279.5
73212,8230410.5
67670,7692256.0
53325,6711363.0
84931,3334597.0
30300,6094164.0
76329,8902398.0
53058,5874335.0
73561,5111402.0
17739,7295073.5
77138,4849900.0
30988,8114119.0
39963,6194750.5
69157,4521001.0
59571,8310268.0
61586,9217740.0
35048,18845502.0
48307,11154823.0
24888,17898942.0
80249,11547480.0
25902,4918508.0
26015,4727754.5
32007,4054961.2
41660,12794604.0
62497,7354968.5
20588,6502057.0
35439,5475339.5
48217,5660850.0
66815,11802128.0
25315,15405793.0
68363,5675241.5
98351,6379867.5
11194,8508259.0
25666,6401568.5
94448,7511329.5
15563,13631000.0
53525,7039247.5
97610,8017073.0
80675,4253581.5
30573,4078222.2
38866,4770641.0
79013,12608586.0
54487,4392007.5
81610,4474222.0
81726,5267049.0
93594,8981847.0
90562,7976239.0
77505,4444047.5
29993,3994714.0
85017,4009795.2
98799,5169798.5
35860,5917748.5
70056,3588775.5
61023,4678265.5
96542,6135999.5
27435,4717381.5
22244,9840255.0
25243,8736107.0
53274,4851199.0
81763,7996758.0
49477,4298119.5
18533,5489082.5
49282,11308297.0
81253,5164267.5
54577,10091102.0
91612,5754442.5
41447,5083208.0
77590,6357694.0
59990,6285672.5
65234,6208505.0
20403,18762178.0
79623,5730225.5
89056,3698349.8
35548,12587915.0
55954,9412541.0
73425,4610365.0
36860,6534010.5
91108,4443999.0
96834,10304577.0
90953,4445628.0
75665,4867655.5
58296,2270884.2
37548,22350806.0
56394,5899129.0
76054,5956936.0
98928,7720820.0
76537,4379404.5
85949,6064185.5
56494,5645447.0
25547,16609598.0
69556,9427156.0
60675,4379888.0
67683,5999284.5
13575,7092240.5
48365,6338056.5
57995,6160413.5
77283,6884247.5
33691,10395509.0
12823,3880989.5
24087,8859652.0
25434,4821870.5
15196,7900163.5
68470,4672064.5
56872,7830766.0
48654,7149094.5
31627,6467634.5
66177,11409534.0
16709,6202670.5
86715,6610401.0
39743,19764330.0
74573,7038056.0
76192,7099243.0
23392,4510493.0
97056,6753053.5
23145,2791976.2
36145,9779312.0
68919,5124259.0
70106,4845340.0
91063,6013297.5
72408,6165960.0
41457,18112716.0
89960,5871831.0
37889,6298788.5
40547,4084650.0
49060,5069026.5
48890,13699138.0
38332,7515516.0
98915,5175086.0
86933,6933485.0
83019,9778339.0
88610,5287164.5
94895,19730754.0
56935,9153887.0
20399,9685037.0
21436,6032445.0
83078,7580151.0
70118,6336883.5
32600,5775573.0
57760,8799685.0
22631,4326956.0
71400,7457075.5
99748,6160843.0
51092,4646691.5
42919,6906069.0
63386,4965987.5
66674,8572357.0
33907,5833569.0
54407,6696138.0
51655,5362508.5
22321,7129956.5
22033,5375787.0
12902,6408357.5
26428,9386395.0
51634,5971244.5
79987,7442607.5
75963,10113309.0
84473,4642563.0
48558,5927812.5
49201,5618150.0
54006,8199743.5
82621,5532596.5
50261,9875249.0
59792,6496051.5
57267,8221249.0
65680,3943396.5
22927,6041012.0
85940,6118026.0
38278,5829476.5
65789,6526837.5
22085,6134535.0
27232,6739467.5
26690,4069299.2
32729,5539730.5
99787,11405718.0
59398,7387344.0
65868,17901904.0
48119,10116917.0
36830,4875659.0
21783,5958790.0
45607,8124199.5
18328,6659479.5
17372,2409059.8
51987,3807080.2
58751,6739299.5
94461,6210888.0
36746,5732756.0
97751,6413075.0
59114,7039719.0
96028,5800202.0
93618,5962599.0
73623,5408678.5
88044,7786490.5
77880,5782814.0
49260,7919600.5
79791,3956746.0
33826,5906133.0
88300,3413561.0
58369,10282740.0
73184,6237936.0
26159,23674652.0
98379,5181988.5
70613,7239016.5
16790,6569030.0
98588,4421117.5
74044,7735347.5
97232,5042910.0
97081,5258503.5
68662,6914260.0
70899,5557913.0
21380,4058076.8
56668,9188699.0
88130,14631589.0
39677,13049636.0
59703,8829917.0
59660,2269939.2
63296,8494334.0
51818,5142771.5
19865,8997104.0
39277,6810548.0
47690,9313223.0
19926,7363508.5
50050,9177300.0
62619,4331817.0
68528,16131631.0
18029,6200702.0
95724,6607563.0
86499,3998595.5
80045,8064475.0
76070,3172206.8
80209,12268749.0
47107,7970914.5
81782,17476120.0
66699,4734110.0
17717,7029759.0
18093,6083869.0
38137,8371293.5
53918,5585430.5
58744,6821883.5
83891,5787190.5
58269,7216192.0
39008,5066770.0
88030,5551638.5
30547,4205404.0
29064,7650343.5
57908,7795042.0
95701,8504328.0
44986,3679820.5
25837,5545681.5
81492,5213205.0
85780,7074220.5
32160,10332589.0
50138,11167288.0
38911,9728380.0
16225,3992880.8
46905,16868972.0
34810,7294342.5
22345,2489648.2
30203,9829679.0
56907,5752031.0
66429,4184264.0
95178,4724178.5
58714,4106375.5
48984,5978061.0
99194,5927577.5
81474,5626732.0
20799,6266969.0
52957,7126203.0
49848,8939794.0
99206,8180895.0
79852,6688541.5
35497,7052294.0
82709,9707727.0
32446,6567170.0
13152,6747321.5
16072,12264451.0
67294,8618515.0
22236,5899727.0
49031,7058687.0
93356,7911691.0
31476,4137383.8
47252,6298888.5
33101,5632666.5
85177,4654539.5
22180,7627659.5
84196,3523779.5
93936,5345377.5
20462,4968760.0
72079,5821741.0
13204,15413327.0
78241,8382967.5
56780,8665842.0
16383,9520774.0
78913,3488603.0
11547,6928404.0
67697,5446567.0
87814,5847529.5
30469,6766903.0
30235,18553442.0
39416,12252067.0
85610,7072262.0
97892,4821621.5
20151,6328618.0
42094,8197124.0
18152,6681064.0
46468,8272074.5
23053,5373962.0
13679,6932978.5
64566,7786851.5
93483,15574442.0
34321,9346942.0
37279,14477804.0
65201,16479308.0
67950,4825355.5
12539,5763281.0
15471,3858613.2
24392,8345604.0
35855,4821312.5
95297,7848526.0
12369,4141763.0
81404,7422876.5
75210,5109755.0
18113,6648052.0
76638,5078315.5
56069,4425184.0
41575,11116227.0
77500,6744325.0
24039,6752185.0
61258,6965719.0
75655,8536984.0
95687,5783187.5
18210,3430435.5
30314,5373551.0
66606,3955668.8
12226,7131080.0
77738,5724159.0
20739,5077733.5
45140,8316894.5
35365,5339952.5
14921,13309033.0
82464,5646448.5
33800,5773796.5
85935,4070028.5
36093,6743378.0
80207,4583657.0
38099,4046614.2
30011,5728235.0
90944,5148043.0
38555,6951730.0
43092,6213907.0
73483,12562055.0
64244,9688964.0
44701,5632915.0
24359,6259645.5
43732,6720855.5
53556,11855511.0
61443,8443601.0
15011,4703012.5
82380,5933170.5
80329,14874957.0
22154,6068121.5
43907,4434208.5
27838,6888223.0
74543,11006454.0
12912,6056747.5
64380,12022898.0
86862,4912161.0
54647,5046399.0
49637,9494306.0
97361,7918866.0
55671,8230794.5
22485,4769941.5
82436,8936789.0
14285,7880377.5
38333,9116752.0
24961,5893798.5
72099,4024454.5
60158,5440456.5
65671,9736410.0
83854,5679478.0
81775,6052632.0
44902,6727634.0
72110,7630203.0
15258,6734833.5
48229,5474667.5
63349,6610112.0
42458,5790016.5
23803,9459377.0
70537,12023275.0
67421,5981100.5
74269,6538934.0
24846,17151872.0
60275,4439321.5
12758,4959775.5
21433,7448182.0
53004,6227122.0
84176,14816485.0
59664,4255442.0
30949,6977362.5
47579,9425677.0
75863,12917820.0
80634,8367089.5
18140,8003920.0
29814,18180164.0
33976,4784916.0
37426,13434534.0
65891,6124509.0
61673,6033510.5
80144,12406292.0
96506,5694824.5
94727,8412432.0
79646,6888118.5
90140,6160170.0
40449,7603719.0
56716,5565720.0
10390,5331968.0
30383,7539036.5
90846,9861448.0
93934,11088129.0
84789,8796896.0
85382,7848174.0
15745,7919807.0
11451,6626240.5
87846,5035126.0
36366,8877354.0
76754,10378674.0
62737,4424175.5
30345,6973329.0
66846,3993497.5
96885,7419495.5
78624,4751044.5
92188,6715307.0
37502,11027295.0
55404,7954715.5
88383,4043855.5
71264,6506454.0
51596,5688062.5
69768,5043849.5
47920,4230593.0
17609,4203454.0
66670,3732501.8
49034,4251542.5
55093,5569914.0
91219,4534362.0
25020,5200243.5
24307,13545841.0
77893,10771375.0
15856,9800915.0
42420,14839332.0
71812,9273758.0
45701,3811411.2
38711,6251033.0
97047,6774793.0
97109,6554107.0
93694,3926174.5
34160,7232576.0
37305,4078694.8
37602,7332697.5
64403,5158301.0
59473,6587221.5
40985,6601526.0
26385,7981110.5
38858,11042979.0
14543,4526810.5
19276,6914747.0
12059,6768282.0
55383,4656483.0
57230,7271313.0
54035,4430895.0
17583,6849811.5
94819,7917065.5
25312,8320718.0
10223,10021749.0
73860,7351048.0
88546,7957753.5
28395,5191974.5
40723,5645854.5
23581,7003828.5
76181,4921457.0
79108,6101277.0
97762,4716968.0
54053,6125106.0
87462,5287002.0
24103,5336125.5
96917,9008994.0
36803,4089980.8
56763,9673184.0
75429,4483387.5
78177,5849559.0
79424,4018497.2
59817,12585063.0
13582,3860914.0
30789,7378778.5
57313,2918524.8
92310,9661374.0
97523,6808619.0
67500,4441752.5
26632,4986032.5
85977,5582607.5
48672,8379551.5
37120,7800402.0
94580,6368702.5
12432,5177467.0
76525,6952616.5
78421,5271417.5
91186,8186451.0
41431,4497514.5
45755,4779102.0
12367,4670517.0
26956,5545735.0
89402,13483323.0
89917,4788311.0
95828,6678435.0
68876,5237493.5
15487,7420281.0
70972,5531548.0
52862,9046513.0
73290,5404753.0
55512,4541669.0
47734,6041596.0
44323,10828548.0
30372,7298498.0
19369,7550944.5
41515,9025930.0
78099,7628104.5
76924,9656188.0
58428,6139029.0
39765,6158227.0
50464,6177590.5
41040,4721371.5
67997,9898558.0
28766,6382306.0
87931,6422367.5
87704,4297257.0
71135,2509992.0
86997,3101985.8
89779,7865690.5
23480,6266771.5
42318,9995787.0
37344,17000950.0
38485,11864376.0
48172,7638250.5
44960,5600006.5
62140,7692306.0
63714,7330182.0
63119,5096339.0
94608,10141288.0
39518,13269573.0
42636,11652475.0
56213,23059726.0
74263,6466335.0
56383,7593220.5
88757,5508013.0
43746,6885993.0
73496,6845419.0
71564,7095877.0
10114,6079396.0
28982,4142759.0
20897,26053108.0
82247,7573555.5
32901,6286146.0
72880,7569194.0
94945,7301940.5
92994,6265379.0
83340,9421045.0
97832,5879742.0
49772,8922217.0
44654,5422356.0
17719,6553336.0
30619,4639065.5
62789,5606994.5
53392,4881498.0
30755,6231361.0
53972,2597529.8
74327,7657290.0
61106,4569621.5
22711,5954833.5
88009,5679258.5
74572,5482012.0
53782,6554128.0
58246,6645670.5
77981,4580493.5
19270,6943356.5
65313,5711491.5
27248,16884046.0
14824,6579218.0
28391,7714152.0
42539,4908383.5
52407,5993534.0
37794,8737914.0
88548,8293333.0
15552,8486259.0
38190,6958815.0
25248,7282605.5
26117,4763873.5
66771,6699907.0
57858,6185754.0
98137,5516092.5
53893,6501749.0
82977,5501697.0
88282,7986933.0
20445,5749518.0
31191,8294466.0
82562,5139426.5
28489,6108740.0
19853,12073640.0
45218,10097248.0
89825,8935212.0
20762,20075534.0
76366,8289745.0
24085,7804263.0
94619,9079676.0
87432,4752072.0
76353,7175833.0
36869,4887003.0
11070,7502513.0
79467,12457913.0
38452,11201547.0
59957,11917523.0
56791,6689362.0
85057,7246986.0
44381,7214137.5
57408,8402655.0
23274,7007225.0
20836,5072811.5
56585,5931783.5
88064,7379039.5
92059,6877115.5
29756,4643352.5
45529,5396906.0
36565,2612314.2
98959,5613399.5
70973,5176934.5
40506,21963468.0
42548,13789311.0
18388,15122907.0
55086,6196406.5
12170,5103140.0
43157,13220683.0
28875,5472394.0
29221,5582318.0
24166,5649311.5
80164,5879175.5
91948,12108369.0
30781,5042137.5
76453,7181034.0
44516,4488677.5
71345,7704200.5
52854,6313980.0
93633,6299188.0
31695,24559640.0
58563,4279720.0
11479,10078067.0
86475,9914970.0
17056,6515632.0
41053,4664209.5
48358,7710074.0
44731,6943655.0
98577,9557724.0
42124,5284019.5
70704,5338328.0
50778,6502649.0
25163,6661006.5
55957,5970956.5
78582,6489137.5
17465,8799224.0
62877,14192856.0
84623,14437706.0
91244,4635429.5
54683,7368865.0
45182,11962031.0
98077,10792294.0
34983,7511684.0
15506,7086621.0
70681,6465881.5
65077,5875458.0
26709,5657981.0
72122,6779501.0
55856,6213794.5
33051,8414126.0
85355,10863517.0
92830,5494706.0
23444,13811418.0
50596,4044044.5
62068,5146912.0
74859,7181487.5
32001,10269710.0
53570,6731493.0
43884,6127024.0
71847,4720256.0
64619,5978056.0
24609,7119427.0
92501,6840898.0
22390,9055461.0
56528,3665103.8
94647,8924727.0
18134,14732089.0
11498,5976439.5
91024,2482159.2
91203,23118528.0
93622,6489058.0
61161,6613657.5
83586,9618128.0
72856,6092017.5
13638,13234282.0
35748,24275334.0
82461,6307992.0
18159,3669123.8
96795,4982405.5
10886,12689920.0
12831,7200487.0
53405,5231396.5
75861,5781804.0
38325,6994756.5
85027,13847079.0
65143,11623586.0
26055,7692639.5
92864,17174360.0
68233,7599383.0
57752,10768689.0
57598,14200021.0
26110,6121341.0
56048,4485389.5
67330,19329926.0
75795,11352729.0
94246,5475501.0
35643,7712606.5
97235,7871548.5
80862,4899174.0
88559,12376840.0
56666,5362057.5
26560,5535691.5
47183,12098862.0
39859,4286424.0
51915,12966226.0
24515,3881159.0
47794,5717322.0
79325,7538011.5
51153,6966627.5
97076,7940767.0
34743,5094104.5
15155,7071821.0
60747,8041873.5
24342,12088285.0
80359,4868777.5
42859,6595741.5
14952,7445380.0
53418,6733373.5
90976,8820855.0
60115,5756450.0
64249,7693394.5
22628,9155556.0
47726,5341347.5
55770,9066011.0
96512,6939792.5
98140,9438582.0
84785,3865824.2
22298,4215902.0
25257,4840836.5
35996,4695244.5
76630,14946881.0
74074,6981240.5
43803,5813448.5
31254,4492196.5
22679,7882500.5
32029,8201329.0
96017,9573832.0
61108,5956179.0
71175,9373349.0
96827,7699066.0
59091,6200106.5
79978,4813975.0
35056,4279386.0
20061,6088913.5
63452,4792456.0
36201,5081494.5
28684,3925394.2
65212,10667724.0
11218,9272371.0
57238,7522893.0
26048,5213654.5
